** Reason for termination == 
** {{case_clause,{error,not_found}},
    [{rabbit_amqqueue_process,i,2,[]},
     {rabbit_amqqueue_process,'-infos/2-lc$^0/1-0-',2,[]},
     {rabbit_amqqueue_process,'-infos/2-lc$^0/1-0-',2,[]},
     {rabbit_amqqueue_process,infos,2,[]},
     {rabbit_amqqueue_process,emit_stats,2,[]},
     {rabbit_amqqueue_process,handle_info,2,[]},
     {gen_server2,handle_msg,2,[]},
     {proc_lib,wake_up,3,[{file,"proc_lib.erl"},{line,237}]}]}

=ERROR REPORT==== 6-Jul-2012::09:52:03 ===
** Generic server msg_store_persistent terminating
** Last message in was {'$gen_cast',
                           {remove,
                               <<155,225,204,135,145,171,72,193,247,41,150,247,
                                 228,224,224,165>>,
                               [<<35,10,236,103,84,23,78,56,32,246,44,103,162,
                                  158,77,203>>,
                                <<46,112,114,248,250,140,245,151,202,169,112,
                                  151,12,231,0,168>>,
                                <<251,19,228,48,62,238,249,223,37,170,150,185,
                                  135,158,248,218>>,
                                <<"\"JN/ïtú­Cî¨Çæ·X£">>,
                                <<59,218,148,173,87,96,41,18,153,112,74,78,223,
                                  84,230,156>>,
                                <<5,11,145,18,74,245,177,25,0,87,42,202,124,
                                  117,49,94>>,
                                <<111,40,111,135,228,112,214,130,143,228,23,
                                  162,170,250,33,25>>,
                                <<2,166,39,152,56,255,227,84,27,14,5,121,101,
                                  79,211,134>>,
                                <<255,73,71,137,196,34,4,204,4,142,40,232,112,
                                  14,163,177>>,
                                <<67,52,25,10,144,88,0,101,59,119,179,241,253,
                                  29,6,16>>,
                                <<56,215,129,159,210,126,154,139,44,71,68,51,
                                  37,71,124,216>>,
                                <<44,0,198,64,124,217,168,137,254,169,86,67,
                                  174,40,7,247>>,
                                <<66,135,95,91,128,171,83,39,22,90,82,239,83,
                                  182,113,181>>,
                                <<175,245,173,31,123,173,187,36,174,16,127,79,
                                  177,224,67,159>>,
                                <<185,91,112,106,132,217,226,57,99,218,111,81,
                                  28,38,91,73>>,
                                <<205,73,50,91,86,18,32,81,134,150,69,86,102,
                                  41,62,71>>,
                                <<73,130,141,218,11,210,1,130,152,253,190,155,
                                  46,147,68,137>>,
                                <<174,255,70,3,228,207,182,250,61,124,210,73,
                                  30,131,154,76>>,
                                <<217,36,39,179,182,247,179,48,124,141,213,191,
                                  223,86,38,61>>,
                                <<50,150,246,104,59,248,124,70,173,113,202,106,
                                  172,13,175,200>>,
                                <<171,192,234,55,114,168,252,182,72,43,21,187,
                                  159,91,162,118>>,
                                <<226,105,228,220,30,184,202,110,63,253,159,20,
                                  187,12,227,170>>,
                                <<4,187,239,48,123,237,135,52,135,231,79,87,94,
                                  204,94,145>>,
                                <<193,204,63,33,226,54,233,44,239,191,223,205,
                                  153,219,67,223>>,
                                <<193,64,35,202,211,156,39,68,99,241,129,36,42,
                                  182,146,95>>,
                                <<60,11,60,215,181,236,204,222,42,52,38,100,
                                  135,106,236,16>>,
                                <<204,56,180,196,71,27,2,187,76,134,96,86,116,
                                  145,38,101>>,
                                <<4,235,133,187,157,189,155,133,42,37,47,74,
                                  201,142,152,70>>,
                                <<242,69,254,181,254,131,203,64,196,148,248,
                                  125,180,153,122,194>>,
                                <<80,236,213,202,55,201,172,90,76,225,238,245,
                                  172,125,22,134>>,
                                <<206,55,108,226,153,142,217,242,91,42,254,172,
                                  166,111,39,169>>,
                                <<116,176,177,19,178,59,109,163,13,162,235,134,
                                  188,38,65,91>>,
                                <<70,207,8,64,199,125,255,46,173,218,173,14,11,
                                  169,40,136>>,
                                <<197,153,184,122,49,39,187,117,109,18,161,133,
                                  215,114,119,213>>,
                                <<91,56,198,55,112,84,110,234,10,112,147,124,
                                  244,60,226,53>>,
                                <<153,180,148,127,199,121,27,183,187,153,244,
                                  148,109,246,121,56>>,
                                <<92,249,49,136,52,249,114,122,46,3,34,100,103,
                                  91,101,45>>,
                                <<201,154,70,16,56,248,157,212,11,191,231,88,
                                  147,40,182,185>>,
                                <<43,53,65,54,26,188,49,242,73,31,38,248,216,
                                  180,8,141>>,
                                <<102,213,80,51,35,14,39,111,87,231,168,5,174,
                                  242,95,128>>,
                                <<156,64,156,216,63,204,148,184,83,35,248,159,
                                  14,128,51,3>>,
                                <<228,59,178,123,36,35,107,220,82,106,1,147,
                                  200,96,96,218>>,
                                <<230,115,142,43,42,144,30,20,129,60,69,195,28,
                                  230,35,254>>,
                                <<26,253,107,229,214,240,225,62,229,228,127,10,
                                  148,50,198,73>>,
                                <<31,132,206,181,235,190,25,156,99,230,119,151,
                                  213,28,253,49>>,
                                <<88,42,176,234,117,168,189,83,24,169,171,131,
                                  34,103,198,62>>,
                                <<150,91,185,251,196,136,8,215,202,224,204,220,
                                  121,213,108,144>>,
                                <<217,71,34,251,224,7,138,137,118,93,197,184,
                                  39,198,127,33>>,
                                <<117,88,2,131,184,12,175,75,1,28,34,19,90,158,
                                  46,73>>,
                                <<215,139,140,19,140,245,100,129,128,166,206,
                                  33,152,159,215,213>>,
                                <<164,19,99,184,124,27,226,145,155,255,12,218,
                                  210,164,116,190>>,
                                <<107,193,79,5,165,169,157,183,187,120,157,179,
                                  186,250,157,209>>,
                                <<119,100,234,3,92,234,175,188,181,177,63,106,
                                  23,223,188,216>>,
                                <<232,187,142,152,96,183,202,111,124,244,136,
                                  234,20,113,150,78>>,
                                <<213,251,71,61,100,89,18,211,186,133,149,172,
                                  251,34,109,54>>,
                                <<103,1,91,222,54,60,151,248,211,136,46,61,171,
                                  122,20,123>>,
                                <<205,179,210,18,88,86,61,95,179,59,106,22,215,
                                  196,101,64>>,
                                <<237,10,48,254,78,104,69,67,104,126,65,225,
                                  228,248,136,247>>,
                                <<26,181,76,138,199,204,125,122,188,229,185,
                                  157,16,109,115,136>>,
                                <<23,82,90,206,188,255,130,44,242,92,140,83,
                                  204,185,52,44>>,
                                <<244,122,14,206,238,7,163,125,125,237,26,4,
                                  246,28,183,56>>,
                                <<69,133,254,10,12,170,63,148,58,87,30,24,171,
                                  43,184,211>>,
                                <<189,215,159,53,162,102,140,248,229,10,203,62,
                                  88,7,244,22>>,
                                <<206,196,74,162,13,159,79,192,163,181,24,154,
                                  111,246,136,139>>,
                                <<107,171,84,207,79,218,198,39,40,158,223,92,
                                  36,68,25,65>>,
                                <<119,75,109,123,47,49,81,235,64,159,102,86,86,
                                  131,90,86>>,
                                <<49,19,36,130,194,79,30,217,213,12,29,195,130,
                                  10,32,226>>,
                                <<23,46,125,223,167,168,153,10,39,44,185,115,
                                  34,2,65,196>>,
                                <<237,124,91,132,39,247,251,108,131,92,58,207,
                                  61,84,196,206>>,
                                <<140,212,232,39,28,10,78,229,244,44,166,74,
                                  143,173,147,8>>,
                                <<97,167,219,250,197,207,107,33,92,170,194,100,
                                  234,108,141,43>>,
                                <<152,120,63,54,176,84,136,120,57,208,200,62,
                                  158,228,202,88>>,
                                <<50,83,240,154,64,155,200,218,222,196,93,130,
                                  86,145,47,72>>,
                                <<87,147,83,144,234,225,14,136,160,92,165,125,
                                  178,154,126,168>>,
                                <<153,211,0,99,100,227,225,139,213,250,153,206,
                                  195,32,67,223>>,
                                <<254,93,14,158,14,81,248,12,37,208,175,80,159,
                                  93,61,145>>,
                                <<2,207,145,112,99,46,253,42,22,200,69,107,44,
                                  93,83,164>>,
                                <<162,232,28,16,16,155,86,142,217,190,220,55,
                                  126,68,183,141>>,
                                <<53,150,172,65,191,72,133,247,169,97,176,158,
                                  172,222,87,218>>,
                                <<125,55,47,120,44,194,240,192,158,134,163,237,
                                  172,246,39,212>>,
                                <<"ßzn§uÜ½aß}®êYO#.">>,
                                <<163,165,196,53,247,58,175,231,252,9,211,172,
                                  56,140,9,43>>,
                                <<177,28,27,252,154,95,65,10,104,95,44,248,172,
                                  194,149,221>>,
                                <<122,23,67,205,182,70,233,112,148,147,54,7,
                                  160,163,127,54>>,
                                <<100,182,96,182,252,135,60,26,138,78,11,9,20,
                                  74,18,127>>,
                                <<57,92,218,65,238,101,36,21,130,240,179,204,
                                  191,126,43,135>>,
                                <<137,34,165,134,60,21,189,152,133,229,160,41,
                                  254,62,127,66>>,
                                <<37,227,77,148,151,34,130,106,241,24,120,103,
                                  186,254,230,71>>,
                                <<181,91,166,206,230,228,221,207,80,210,62,0,
                                  52,107,250,167>>,
                                <<69,65,159,81,52,62,172,176,4,1,94,137,205,93,
                                  150,32>>,
                                <<194,165,179,195,241,171,89,241,109,168,114,
                                  125,184,24,184,171>>,
                                <<246,179,189,112,50,53,86,41,15,91,255,153,36,
                                  236,89,212>>,
                                <<68,73,117,248,155,159,133,98,99,110,227,61,
                                  213,61,225,162>>,
                                <<22,78,22,178,40,200,60,43,222,52,234,167,237,
                                  0,29,8>>,
                                <<127,30,35,166,198,177,48,116,138,58,66,8,233,
                                  118,186,23>>,
                                <<185,20,73,46,255,206,180,248,187,49,8,94,11,
                                  94,206,110>>,
                                <<236,77,111,14,153,70,25,229,193,19,200,114,
                                  77,145,48,70>>,
                                <<118,89,20,34,16,87,96,157,147,242,41,253,102,
                                  234,129,216>>,
                                <<209,169,178,111,93,89,172,242,193,154,127,63,
                                  34,226,118,249>>,
                                <<21,11,190,219,225,48,20,184,30,218,252,213,
                                  202,200,165,231>>,
                                <<131,171,74,77,231,82,150,255,234,176,247,124,
                                  35,151,131,217>>,
                                <<180,204,127,141,65,117,199,204,115,43,19,70,
                                  64,68,45,131>>,
                                <<245,202,245,64,54,140,76,6,33,251,171,213,44,
                                  48,34,80>>,
                                <<164,210,197,198,158,31,44,30,62,171,93,166,
                                  186,215,4,150>>,
                                <<138,235,171,198,124,198,4,223,20,203,249,212,
                                  238,172,251,190>>,
                                <<212,48,20,79,165,86,65,18,61,228,228,66,254,
                                  119,254,174>>,
                                <<4,127,2,152,129,227,252,152,24,67,50,182,0,
                                  99,112,154>>,
                                <<204,223,238,24,74,226,252,126,238,36,179,226,
                                  34,135,246,43>>,
                                <<142,212,41,209,200,96,15,231,203,198,225,108,
                                  109,253,67,90>>,
                                <<19,248,113,29,167,200,126,199,12,240,129,182,
                                  89,143,135,43>>,
                                <<158,190,184,153,207,67,67,30,111,61,66,9,184,
                                  226,1,36>>,
                                <<53,162,166,160,33,42,19,158,179,29,16,106,
                                  214,120,220,138>>,
                                <<74,205,49,58,208,151,237,249,140,31,109,201,
                                  157,85,61,130>>,
                                <<87,199,161,215,5,10,142,242,223,240,105,6,
                                  255,207,220,15>>,
                                <<208,85,176,144,169,228,187,206,230,32,54,198,
                                  37,108,64,29>>,
                                <<202,198,50,196,129,139,250,45,89,52,230,97,
                                  112,160,223,141>>,
                                <<137,157,125,114,99,16,141,76,190,174,201,28,
                                  175,131,126,149>>,
                                <<139,17,149,184,31,38,236,217,2,102,2,79,136,
                                  59,47,60>>,
                                <<69,98,212,7,243,130,194,115,193,183,68,233,
                                  199,188,103,97>>,
                                <<82,243,125,5,136,26,102,174,182,44,104,115,
                                  123,142,71,154>>,
                                <<219,168,169,238,75,178,140,58,64,185,83,94,
                                  60,97,144,183>>,
                                <<86,140,81,146,67,195,55,69,147,131,60,12,211,
                                  240,208,197>>,
                                <<114,55,2,144,10,194,139,87,105,55,9,71,47,
                                  239,205,93>>,
                                <<33,224,56,5,113,51,44,202,156,193,178,71,169,
                                  85,164,70>>,
                                <<154,215,80,14,8,209,212,233,52,152,231,38,67,
                                  221,85,238>>,
                                <<243,3,39,202,121,178,126,244,82,154,89,168,
                                  127,202,85,119>>,
                                <<187,242,38,152,11,211,47,76,202,154,176,202,
                                  10,227,131,75>>,
                                <<191,243,154,111,38,136,245,242,81,186,99,223,
                                  70,219,191,239>>,
                                <<20,153,135,199,128,172,77,4,92,227,193,15,
                                  231,18,50,10>>,
                                <<211,225,100,129,15,255,35,226,200,117,236,
                                  116,44,228,0,120>>,
                                <<248,147,118,246,92,106,12,215,159,61,137,136,
                                  220,242,71,16>>,
                                <<219,173,158,250,38,41,233,93,126,14,234,106,
                                  155,45,43,203>>,
                                <<214,103,175,104,107,169,75,130,32,92,107,115,
                                  172,250,203,49>>,
                                <<204,71,82,205,76,115,141,222,193,80,138,35,
                                  13,209,241,61>>,
                                <<65,139,130,78,182,129,199,54,159,232,85,32,
                                  145,5,196,140>>,
                                <<244,153,168,85,200,224,82,154,125,150,114,
                                  147,89,36,193,148>>,
                                <<27,18,74,225,184,223,89,152,107,191,182,128,
                                  238,221,13,49>>,
                                <<220,126,52,248,215,142,61,72,18,110,165,59,
                                  21,3,7,189>>,
                                <<207,71,35,109,160,95,27,199,30,89,33,128,163,
                                  167,148,239>>,
                                <<184,149,228,219,1,233,173,199,222,181,203,
                                  143,103,89,220,46>>,
                                <<143,54,29,65,95,174,80,187,100,164,206,188,
                                  86,127,191,240>>,
                                <<195,174,10,178,200,1,29,184,10,128,47,170,
                                  246,198,146,118>>,
                                <<78,142,250,44,207,150,222,235,189,96,163,135,
                                  181,236,9,33>>,
                                <<163,5,85,10,192,38,25,110,32,39,204,64,67,
                                  240,178,154>>,
                                <<143,235,62,170,232,5,150,32,7,90,216,173,41,
                                  14,81,166>>,
                                <<11,125,246,70,8,68,7,204,73,227,82,146,2,82,
                                  179,89>>,
                                <<113,10,75,72,153,15,202,212,6,20,93,2,71,182,
                                  213,102>>,
                                <<14,108,235,232,201,88,8,159,241,220,126,125,
                                  251,7,200,88>>,
                                <<245,129,67,156,17,182,31,254,132,178,128,239,
                                  121,66,249,203>>,
                                <<38,172,172,88,139,117,45,30,4,82,129,168,236,
                                  155,235,6>>,
                                <<156,14,216,155,185,119,31,130,103,22,101,174,
                                  115,18,15,239>>,
                                <<135,116,225,32,221,197,144,17,166,154,143,
                                  125,123,238,49,151>>,
                                <<7,116,9,123,251,62,37,83,174,133,229,236,192,
                                  169,28,245>>,
                                <<223,39,198,152,106,210,162,246,236,61,161,85,
                                  69,220,35,230>>,
                                <<113,175,0,140,247,169,121,218,144,202,46,88,
                                  91,153,105,208>>,
                                <<36,168,204,112,156,63,196,115,36,212,222,67,
                                  23,37,29,29>>,
                                <<77,228,179,176,15,9,182,225,85,217,123,144,
                                  172,27,244,46>>,
                                <<208,170,45,238,194,81,15,22,7,167,26,160,110,
                                  102,8,134>>,
                                <<191,137,198,33,108,91,8,250,160,140,172,204,
                                  84,199,253,214>>,
                                <<190,137,225,105,93,141,176,172,174,122,167,
                                  133,110,200,4,209>>,
                                <<76,88,83,106,175,227,162,227,236,241,54,50,
                                  215,49,118,19>>,
                                <<141,76,171,222,210,249,167,65,15,94,37,32,20,
                                  168,240,56>>,
                                <<201,191,206,242,42,43,233,176,44,23,217,98,
                                  228,16,192,57>>,
                                <<149,57,140,38,193,235,123,201,206,80,149,12,
                                  71,172,41,210>>,
                                <<193,47,139,23,101,177,176,234,38,8,36,202,
                                  166,207,130,175>>,
                                <<2,109,131,143,179,167,211,22,105,198,156,154,
                                  181,92,64,187>>,
                                <<189,185,116,182,182,194,56,41,49,246,157,109,
                                  71,183,67,206>>,
                                <<224,73,10,123,2,77,161,80,202,245,62,97,135,
                                  234,213,225>>,
                                <<98,99,151,34,117,239,183,119,104,154,57,126,
                                  60,105,219,83>>,
                                <<174,156,136,248,110,41,239,104,27,103,182,6,
                                  12,67,46,25>>,
                                <<184,56,139,80,151,5,20,3,86,248,78,65,5,215,
                                  69,101>>,
                                <<38,146,68,228,138,67,251,25,153,44,104,121,
                                  57,126,147,122>>,
                                <<219,251,53,14,98,95,239,214,134,57,153,109,
                                  170,169,55,185>>,
                                <<224,9,15,39,186,62,122,27,81,163,209,79,73,
                                  230,107,155>>,
                                <<25,31,125,74,209,224,200,57,75,52,240,137,
                                  236,65,245,204>>,
                                <<"]â3Àî\"RÓUdõ°9ç ø">>,
                                <<57,114,57,69,42,3,218,207,119,238,237,143,
                                  118,143,121,227>>,
                                <<212,244,175,88,225,233,237,34,134,9,206,133,
                                  37,101,174,59>>,
                                <<253,190,246,141,1,114,131,81,216,80,160,71,
                                  153,160,109,129>>,
                                <<204,159,131,172,24,216,201,85,157,215,73,102,
                                  117,194,216,72>>,
                                <<31,15,62,161,16,176,104,24,214,199,32,143,
                                  142,147,233,48>>,
                                <<27,163,11,34,225,103,138,194,2,27,68,97,68,
                                  87,148,85>>,
                                <<184,191,62,101,93,236,141,17,72,142,231,182,
                                  1,41,117,51>>,
                                <<204,164,141,42,68,55,21,65,97,8,45,249,211,
                                  17,157,178>>,
                                <<44,156,76,229,241,132,79,69,48,34,159,27,155,
                                  54,87,186>>,
                                <<208,234,187,128,40,5,172,235,113,15,147,103,
                                  30,254,76,79>>,
                                <<140,191,12,32,38,115,39,12,80,110,106,39,244,
                                  196,18,205>>,
                                <<187,53,137,69,176,6,29,72,127,146,22,2,152,
                                  243,27,247>>,
                                <<148,93,121,104,229,203,248,41,164,14,57,239,
                                  122,44,64,45>>,
                                <<69,18,159,227,32,110,120,38,164,206,16,84,
                                  208,241,7,170>>,
                                <<113,102,206,82,131,185,58,124,105,126,17,172,
                                  210,92,66,212>>,
                                <<66,54,101,232,218,80,15,155,190,205,159,31,
                                  62,26,25,45>>,
                                <<58,52,29,181,215,128,250,205,168,82,67,211,
                                  84,54,230,206>>,
                                <<175,39,21,215,8,239,118,255,141,17,192,8,143,
                                  30,90,99>>,
                                <<119,24,2,170,229,128,199,250,246,107,33,62,
                                  247,136,47,179>>,
                                <<72,50,51,70,87,38,116,78,134,40,15,155,88,
                                  160,246,238>>,
                                <<127,175,204,142,109,64,85,39,18,182,27,171,
                                  159,143,176,214>>,
                                <<193,160,172,25,159,174,86,204,244,67,138,249,
                                  149,216,152,141>>,
                                <<124,147,23,167,169,109,148,25,184,167,56,254,
                                  175,139,108,126>>,
                                <<106,122,228,166,226,93,222,84,42,234,217,204,
                                  29,36,151,102>>,
                                <<127,251,100,28,92,231,213,86,241,182,94,89,
                                  19,202,199,162>>,
                                <<104,192,104,198,78,52,245,23,208,85,11,18,25,
                                  200,59,186>>,
                                <<35,139,40,132,179,0,151,194,176,188,86,147,
                                  121,218,248,53>>,
                                <<1,147,119,246,3,200,73,196,100,157,232,1,134,
                                  83,76,4>>,
                                <<111,67,124,9,191,163,163,94,149,174,247,191,
                                  72,93,206,14>>,
                                <<6,223,232,65,122,27,172,250,47,234,243,65,57,
                                  34,118,74>>,
                                <<126,40,95,77,51,137,174,155,123,244,62,214,
                                  55,115,77,102>>,
                                <<193,143,162,10,218,208,80,18,151,113,159,174,
                                  142,70,188,213>>,
                                <<130,75,5,250,31,163,77,27,36,119,152,198,3,
                                  187,138,54>>,
                                <<141,243,120,54,117,92,186,17,22,81,82,204,81,
                                  131,113,2>>,
                                <<179,136,124,191,153,137,60,31,188,151,176,27,
                                  61,238,227,188>>,
                                <<15,195,11,185,187,42,49,222,28,43,214,37,92,
                                  171,240,179>>,
                                <<236,16,16,44,93,121,251,108,81,93,135,240,
                                  201,197,189,180>>,
                                <<176,101,15,4,81,94,201,207,90,43,108,74,128,
                                  87,183,236>>,
                                <<224,177,95,167,137,245,185,56,252,254,255,
                                  248,171,87,0,195>>,
                                <<161,23,205,91,22,23,135,142,190,61,134,222,
                                  163,49,167,93>>,
                                <<109,25,221,176,152,39,236,36,27,121,70,235,
                                  101,144,197,116>>,
                                <<167,95,30,252,228,133,214,76,180,71,164,139,
                                  211,248,223,226>>,
                                <<249,233,91,128,83,3,118,158,78,10,214,137,
                                  148,39,183,154>>,
                                <<203,33,200,76,39,3,11,127,91,81,218,125,254,
                                  179,68,128>>,
                                <<238,25,109,91,58,229,144,170,201,4,229,121,
                                  134,102,168,47>>,
                                <<176,123,30,154,53,142,22,232,65,208,48,31,
                                  156,38,48,104>>,
                                <<27,62,154,150,231,138,69,51,39,103,131,45,
                                  165,175,126,173>>,
                                <<221,52,104,12,180,116,122,233,255,108,182,
                                  235,152,44,144,49>>,
                                <<184,108,40,9,178,200,231,207,14,73,117,132,
                                  204,73,156,126>>,
                                <<230,196,225,166,233,143,182,173,252,61,5,67,
                                  97,171,110,250>>,
                                <<83,15,14,234,215,121,219,211,189,23,77,53,
                                  190,238,108,31>>,
                                <<12,206,225,7,58,210,99,56,7,53,82,240,119,15,
                                  232,61>>,
                                <<60,136,119,111,66,60,243,48,34,49,31,167,208,
                                  127,34,185>>,
                                <<2,172,22,62,4,54,82,170,165,73,206,12,199,93,
                                  96,178>>,
                                <<72,244,150,101,223,11,53,203,159,72,204,244,
                                  33,81,233,57>>,
                                <<185,154,175,100,124,238,95,221,144,228,5,254,
                                  212,96,101,50>>,
                                <<142,222,88,21,132,155,133,251,45,162,144,144,
                                  205,38,216,79>>,
                                <<94,175,31,77,211,194,147,111,50,108,11,238,
                                  70,204,134,6>>,
                                <<140,169,3,174,20,66,60,168,59,205,73,77,207,
                                  243,175,189>>,
                                <<153,99,90,100,99,118,242,101,119,93,214,46,
                                  105,188,165,82>>,
                                <<196,153,82,207,204,141,176,224,153,145,218,
                                  45,211,121,54,138>>,
                                <<140,37,102,64,43,69,203,138,237,102,194,207,
                                  3,188,156,77>>,
                                <<223,28,61,165,49,46,54,77,152,102,167,157,3,
                                  86,224,239>>,
                                <<100,185,40,102,110,149,122,213,195,44,101,
                                  107,173,246,21,2>>,
                                <<247,129,11,209,162,107,116,226,155,148,125,
                                  242,241,116,65,230>>,
                                <<255,124,0,107,121,174,134,83,30,24,112,46,
                                  245,115,244,121>>,
                                <<144,139,109,29,0,16,197,211,214,94,242,21,
                                  205,237,134,76>>,
                                <<49,235,48,47,31,80,198,239,223,110,32,250,
                                  116,127,176,161>>,
                                <<28,153,98,189,142,175,154,140,128,17,25,160,
                                  110,82,82,26>>,
                                <<68,13,75,239,17,11,56,212,18,170,107,204,17,
                                  188,232,230>>,
                                <<48,195,98,180,118,14,224,229,178,183,138,169,
                                  84,209,99,250>>,
                                <<129,186,103,22,103,129,43,21,118,169,139,224,
                                  5,97,47,183>>,
                                <<84,24,212,244,251,141,126,92,145,146,242,91,
                                  62,137,154,141>>,
                                <<216,32,0,127,81,113,86,46,77,239,199,171,235,
                                  213,31,235>>,
                                <<118,32,149,96,228,145,136,187,250,28,68,197,
                                  59,207,122,235>>,
                                <<121,100,232,104,94,172,131,240,25,110,33,158,
                                  219,240,107,236>>,
                                <<214,85,131,100,206,216,19,151,16,224,29,249,
                                  49,47,255,50>>,
                                <<118,163,177,71,36,232,87,224,241,132,60,8,53,
                                  144,39,184>>,
                                <<70,213,91,49,176,91,102,5,51,126,174,240,254,
                                  142,14,3>>,
                                <<144,191,246,113,111,231,112,138,177,89,177,
                                  56,180,4,13,228>>,
                                <<72,206,47,59,50,28,218,242,68,66,11,250,142,
                                  87,242,118>>,
                                <<184,158,34,229,31,244,43,20,19,124,188,38,
                                  173,248,63,136>>,
                                <<11,211,16,232,240,92,0,139,61,144,241,206,
                                  158,49,193,40>>,
                                <<10,65,79,28,168,45,203,62,49,113,39,62,241,
                                  205,122,42>>,
                                <<32,125,253,10,118,102,128,14,204,101,15,188,
                                  95,242,79,161>>,
                                <<120,227,198,228,150,239,191,187,125,15,221,
                                  103,25,44,51,106>>,
                                <<71,22,98,115,168,51,112,81,50,64,181,40,196,
                                  52,62,154>>,
                                <<61,51,66,65,123,71,145,209,178,54,235,178,63,
                                  125,22,0>>,
                                <<116,155,162,155,58,78,7,111,56,32,29,131,89,
                                  55,30,99>>,
                                <<67,16,57,112,65,95,183,177,65,251,176,77,192,
                                  182,87,182>>,
                                <<219,20,121,166,48,137,85,54,237,145,84,97,
                                  184,70,149,91>>,
                                <<171,5,54,116,41,151,186,52,24,229,103,92,49,
                                  139,85,182>>,
                                <<236,154,44,164,109,107,123,132,230,218,191,
                                  59,239,199,226,11>>,
                                <<254,248,229,168,177,215,91,106,42,221,224,
                                  188,192,0,37,159>>,
                                <<249,195,243,1,139,183,255,204,117,127,244,
                                  184,94,161,184,13>>,
                                <<236,15,199,12,31,146,104,221,225,15,44,193,
                                  88,252,249,38>>,
                                <<223,137,174,119,80,233,37,248,149,122,211,
                                  105,87,123,229,101>>,
                                <<88,48,18,151,199,122,231,46,137,158,129,53,
                                  210,136,72,199>>,
                                <<159,59,205,243,27,216,82,61,44,116,49,175,92,
                                  186,28,37>>,
                                <<169,166,106,219,168,54,74,247,196,145,85,34,
                                  232,40,158,209>>,
                                <<18,203,72,238,93,217,90,90,110,208,174,13,
                                  158,88,21,41>>,
                                <<70,253,78,104,0,67,196,62,87,220,61,237,174,
                                  212,144,110>>,
                                <<185,221,193,214,246,156,241,179,182,2,161,29,
                                  89,20,43,192>>,
                                <<145,225,140,12,154,248,229,59,207,194,94,236,
                                  186,131,231,55>>,
                                <<153,196,173,110,168,240,49,183,20,132,178,39,
                                  180,149,114,98>>,
                                <<57,144,229,251,49,253,117,53,221,174,39,211,
                                  30,127,193,9>>,
                                <<19,36,191,161,191,155,236,117,100,253,167,69,
                                  123,26,244,28>>,
                                <<224,195,67,212,105,7,0,220,134,145,137,1,62,
                                  26,240,40>>,
                                <<189,147,240,128,225,212,97,220,135,126,3,135,
                                  2,2,122,60>>,
                                <<137,107,178,41,131,85,4,245,55,189,34,53,158,
                                  144,201,68>>,
                                <<234,181,184,83,167,4,179,147,124,27,104,15,
                                  186,25,168,124>>,
                                <<112,234,167,78,42,33,123,132,53,205,152,245,
                                  102,204,36,11>>,
                                <<99,163,160,62,29,103,41,51,23,241,192,40,193,
                                  86,202,167>>,
                                <<71,28,66,168,192,237,156,81,73,51,60,52,35,
                                  132,52,197>>,
                                <<75,52,206,37,68,34,234,18,168,31,125,177,87,
                                  197,182,94>>,
                                <<118,145,226,195,218,158,133,160,175,254,111,
                                  214,121,92,152,46>>,
                                <<195,221,0,226,48,202,158,202,67,100,228,227,
                                  162,237,103,186>>,
                                <<95,26,54,107,246,176,174,199,236,149,179,16,
                                  55,183,72,56>>,
                                <<53,78,105,239,66,225,116,74,176,201,67,179,
                                  137,210,95,119>>,
                                <<193,31,137,250,200,186,249,191,17,166,18,229,
                                  23,97,185,135>>,
                                <<215,138,71,251,210,15,21,57,161,215,6,46,82,
                                  162,141,27>>,
                                <<43,48,195,14,55,180,184,249,29,91,97,31,107,
                                  135,189,220>>,
                                <<152,115,7,182,128,32,228,63,53,122,96,23,53,
                                  206,222,38>>,
                                <<87,126,238,166,219,244,25,98,147,37,109,30,
                                  217,254,113,229>>,
                                <<113,246,85,193,24,53,34,100,239,183,208,89,
                                  135,55,190,121>>,
                                <<141,43,81,65,40,70,173,183,28,254,107,11,206,
                                  84,130,130>>,
                                <<239,106,237,69,86,210,25,56,9,220,232,121,
                                  179,217,159,173>>,
                                <<29,224,180,203,27,94,114,27,15,32,146,13,182,
                                  106,134,20>>,
                                <<251,19,228,48,62,238,249,223,37,170,150,185,
                                  135,158,248,218>>,
                                <<74,205,49,58,208,151,237,249,140,31,109,201,
                                  157,85,61,130>>,
                                <<2,207,145,112,99,46,253,42,22,200,69,107,44,
                                  93,83,164>>,
                                <<191,243,154,111,38,136,245,242,81,186,99,223,
                                  70,219,191,239>>,
                                <<137,157,125,114,99,16,141,76,190,174,201,28,
                                  175,131,126,149>>,
                                <<196,195,235,105,206,230,241,255,255,216,11,
                                  49,98,114,22,178>>,
                                <<139,208,48,166,154,47,150,234,200,117,86,163,
                                  204,158,236,116>>,
                                <<236,188,234,180,29,238,100,208,232,125,18,
                                  144,67,255,240,6>>,
                                <<92,221,16,201,57,50,243,125,7,251,163,158,
                                  247,61,90,97>>,
                                <<250,121,229,214,197,102,82,114,11,216,208,
                                  186,239,131,181,150>>,
                                <<244,122,14,206,238,7,163,125,125,237,26,4,
                                  246,28,183,56>>,
                                <<50,150,246,104,59,248,124,70,173,113,202,106,
                                  172,13,175,200>>,
                                <<2,69,253,7,27,79,128,244,208,104,104,239,229,
                                  42,65,219>>,
                                <<12,138,212,184,64,4,121,226,122,181,144,49,
                                  98,109,107,86>>,
                                <<20,16,174,246,167,252,9,42,45,99,83,94,159,
                                  77,52,119>>,
                                <<74,163,11,149,62,186,150,195,245,91,37,230,
                                  133,42,49,206>>,
                                <<75,121,194,25,6,53,136,56,6,225,104,37,25,
                                  202,68,150>>,
                                <<32,18,131,169,110,189,233,124,40,15,7,9,145,
                                  77,35,167>>,
                                <<158,164,63,243,102,208,252,6,6,233,87,24,25,
                                  78,227,249>>,
                                <<155,28,41,254,53,221,70,243,16,130,184,168,
                                  209,245,158,233>>,
                                <<37,245,95,65,126,168,89,139,248,210,241,182,
                                  200,201,177,113>>,
                                <<236,243,10,76,7,135,170,199,150,117,248,165,
                                  162,37,51,42>>,
                                <<85,111,220,60,201,120,14,99,13,132,204,175,
                                  146,232,181,147>>,
                                <<226,202,21,177,182,128,43,93,88,236,102,139,
                                  203,77,159,121>>,
                                <<191,163,4,71,213,243,178,71,108,66,255,123,
                                  159,79,3,193>>,
                                <<243,99,154,3,205,79,133,239,28,170,219,251,
                                  121,234,213,60>>,
                                <<77,69,30,33,227,172,170,50,55,185,182,176,91,
                                  31,143,199>>,
                                <<255,183,79,143,33,132,233,10,252,176,92,179,
                                  182,65,212,29>>,
                                <<4,90,28,1,243,229,82,132,216,203,33,75,180,
                                  171,35,139>>,
                                <<85,126,103,80,1,158,171,203,128,13,252,216,
                                  71,255,21,208>>,
                                <<125,80,115,217,51,90,22,174,253,102,160,133,
                                  53,58,37,0>>,
                                <<88,149,114,118,250,238,199,61,240,192,155,
                                  144,57,231,116,172>>,
                                <<104,160,205,230,78,226,227,201,65,220,226,
                                  233,158,135,19,72>>,
                                <<164,235,102,243,150,127,194,41,190,201,173,
                                  102,75,66,134,249>>,
                                <<33,19,178,134,46,159,126,78,4,51,249,247,74,
                                  17,89,80>>,
                                <<152,206,74,251,157,129,145,84,236,169,4,68,
                                  10,58,6,92>>,
                                <<123,125,73,174,201,177,45,166,122,188,42,148,
                                  31,194,202,166>>,
                                <<128,249,7,151,193,26,108,128,120,69,0,112,87,
                                  90,229,146>>,
                                <<98,137,157,5,152,233,118,243,2,75,10,38,44,
                                  252,29,227>>,
                                <<248,180,50,86,44,73,33,111,245,103,253,244,
                                  135,250,164,86>>,
                                <<57,156,96,135,61,38,196,142,212,163,197,64,
                                  182,161,46,171>>,
                                <<222,152,199,13,142,237,176,226,37,58,107,145,
                                  30,118,174,67>>,
                                <<35,153,158,15,170,159,89,99,66,83,3,249,66,
                                  255,142,129>>,
                                <<"{¢g[¥%(4ëqõjÀÜlB">>,
                                <<69,14,186,231,85,133,196,90,236,252,222,165,
                                  198,27,5,47>>,
                                <<9,142,242,192,154,200,96,229,113,174,98,149,
                                  191,86,193,18>>,
                                <<199,214,197,65,17,190,120,170,233,108,85,115,
                                  185,197,156,229>>,
                                <<161,172,13,195,68,19,134,16,173,177,159,161,
                                  73,202,197,246>>,
                                <<138,223,64,65,66,68,97,121,30,118,207,21,140,
                                  141,181,73>>,
                                <<11,98,225,36,61,25,233,95,181,90,152,172,61,
                                  121,73,191>>,
                                <<26,227,28,18,106,14,133,8,58,146,61,111,222,
                                  93,151,253>>,
                                <<95,123,199,24,168,228,210,233,50,228,101,86,
                                  112,195,30,145>>,
                                <<184,179,214,79,94,193,215,169,61,159,146,149,
                                  32,15,50,175>>,
                                <<182,205,8,40,2,17,78,164,205,143,167,245,54,
                                  73,162,153>>,
                                <<32,122,239,209,39,48,128,123,183,232,212,74,
                                  115,55,169,141>>,
                                <<58,76,252,49,17,38,145,58,130,102,28,26,156,
                                  224,152,193>>,
                                <<90,113,38,221,5,143,223,118,227,236,10,177,
                                  114,155,125,24>>,
                                <<51,34,108,5,32,47,114,14,213,161,123,78,186,
                                  171,101,79>>,
                                <<73,54,187,44,134,180,240,87,83,211,53,97,
                                  144,114,216,226>>]}}
** When Server state == {msstate,
                            "c:/Documents and Settings/Administrator/Application Data/RabbitMQ/db/rabbit@APPSERVER02-mnesia/msg_store_persistent",
                            rabbit_msg_store_ets_index,
                            {state,327750,
                                "c:/Documents and Settings/Administrator/Application Data/RabbitMQ/db/rabbit@APPSERVER02-mnesia/msg_store_persistent"},
                            18,#Ref<0.0.0.193464>,
                            {dict,0,16,16,8,80,48,
                                {[],[],[],[],[],[],[],[],[],[],[],[],[],[],[],
                                 []},
                                {{[],[],[],[],[],[],[],[],[],[],[],[],[],[],
                                  [],[]}}},
                            undefined,784980,9737311,[],<0.219.0>,331847,
                            323653,335944,340041,
                            {set,0,16,16,8,80,48,
                                {[],[],[],[],[],[],[],[],[],[],[],[],[],[],[],
                                 []},
                                {{[],[],[],[],[],[],[],[],[],[],[],[],[],[],
                                  [],[]}}},
                            {dict,1,16,16,8,80,48,
                                {[],[],[],[],[],[],[],[],[],[],[],[],[],[],[],
                                 []},
                                {{[],[],[],[],[],[],[],[],[],[],[],[],
                                  [[<<155,225,204,135,145,171,72,193,247,41,
                                      150,247,228,224,224,165>>|
                                    {<0.28427.1>,
                                     #Fun<rabbit_variable_queue.1.12380193>,
                                     #Fun<rabbit_variable_queue.13.91199175>}]],
                                  [],[],[]}}},
                            false,16777216,
                            {dict,0,16,16,8,80,48,
                                {[],[],[],[],[],[],[],[],[],[],[],[],[],[],[],
                                 []},
                                {{[],[],[],[],[],[],[],[],[],[],[],[],[],[],
                                  [],[]}}}}
** Reason for termination == 
** {{case_clause,[{{<<251,19,228,48,62,238,249,223,37,170,150,185,135,158,248,
                      218>>,
                    <<155,225,204,135,145,171,72,193,247,41,150,247,228,224,
                      224,165>>},
                   -2}]},
    [{rabbit_msg_store,update_flying,4,[]},
     {rabbit_msg_store,'-handle_cast/2-fun-0-',3,[]},
     {lists,foldl,3,[{file,"lists.erl"},{line,1197}]},
     {rabbit_msg_store,handle_cast,2,[]},
     {gen_server2,handle_msg,2,[]},
     {proc_lib,wake_up,3,[{file,"proc_lib.erl"},{line,237}]}]}

=INFO REPORT==== 6-Jul-2012::09:52:03 ===
stopped TCP Listener on 0.0.0.0:5672

=ERROR REPORT==== 6-Jul-2012::09:52:03 ===
** Generic server rabbit_mgmt_external_stats terminating 
** Last message in was {info,[os_pid,mem_ets,mem_binary,mem_proc,
                              mem_proc_used,mem_atom,mem_atom_used,mem_code,
                              fd_used,fd_total,sockets_used,sockets_total,
                              mem_used,mem_limit,mem_alarm,disk_free_limit,
                              disk_free,disk_free_alarm,proc_used,proc_total,
                              statistics_level,erlang_version,uptime,
                              run_queue,processors,exchange_types,
                              auth_mechanisms,applications]}
** When Server state == {state,1341579137551,45,2048}
** Reason for termination == 
** {noproc,{gen_server2,call,
                        [file_handle_cache,{info,[sockets_used]},infinity]}}

=INFO REPORT==== 6-Jul-2012::09:52:03 ===
    application: rabbit
    exited: shutdown
    type: permanent

=INFO REPORT==== 6-Jul-2012::10:01:56 ===
Limiting to approx 1948 file handles (1751 sockets)

=ERROR REPORT==== 6-Jul-2012::10:02:09 ===
Error description:
   {error,{failed_to_cluster_with,[rabbit@APPSERVER01],
                                  "Mnesia could not connect to any disc nodes."}}

Log files (may contain more information):
   C:/Documents and Settings/Administrator/Application Data/RabbitMQ/log/rabbit@APPSERVER02.log
   C:/Documents and Settings/Administrator/Application Data/RabbitMQ/log/rabbit@APPSERVER02-sasl.log

Stack trace:
   [{rabbit_mnesia,init_db,3,[]},
    {rabbit_mnesia,init,0,[]},
    {rabbit,'-run_boot_step/1-lc$^1/1-1-',1,[]},
    {rabbit,run_boot_step,1,[]},
    {rabbit,'-start/2-lc$^0/1-0-',1,[]},
    {rabbit,start,2,[]},
    {application_master,start_it_old,4,
                        [{file,"application_master.erl"},{line,274}]}]


=INFO REPORT==== 6-Jul-2012::10:02:10 ===
    application: rabbit
    exited: {bad_return,{{rabbit,start,[normal,[]]},
                         {'EXIT',{rabbit,failure_during_boot}}}}
    type: permanent